120
30
81 14 3 94 35 31 28 17 94 13 86 94 69 11 75 54 4 3 11 27 29 64 77 3 71 25 91 83 89 69 53 28 57 75 35 0 97 20 89 54 43 35 19 27 97 43 13 11 48 12 45 44 77 33 5 93 58 68 15 48 10 70 37 80 79 46 73 24 90 8 5 84 29 98 37 10 29 12 48 35 58 81 46 20 47 45 26 85 34 89 87 82 9 77 81 21 68 93 31 20 59 48 34 81 88 71 28 87 41 98 99 7 29 4 40 51 34 8 27 72
27 15 11 25 20 17 25 19 9 13 9 12 28 22 22 13 28 23 18 23 17 16 12 9 21 20 7 29 6 8 9 25 10 30 26 18 24 7 17 17 24 19 21 13 22 5 26 28 8 26 22 29 13 29 25 15 8 14 18 10 19 5 28 28 13 21 29 10 21 8 25 14 25 21 24 11 9 16 29 10 22 29 21 5 24 15 20 5 8 16 30 14 12 6 12 23 7 7 28 20 7 29 22 29 9 9 26 20 22 10 13 21 24 18 11 22 29 28 27 11
192 89 112 181 176 105 122 142 125 40 73 67 26 96 15 160 151 68 160 66 11 28 191 171 25 68 27 18 94 28 141 70 81 181 134 64 148 43 195 156 157 131 72 131 114 58 34 34 178 120 100 118 115 129 196 23 182 177 175 35 25 113 196 96 37 73 59 58 147 124 45 118 56 81 128 73 29 123 150 35 22 176 148 13 33 70 52 114 134 133 64 112 25 52 107 10 109 77 126 83 118 188 197 152 179 193 134 49 58 85 65 24 158 198 148 25 90 24 22 159
0 66 69 72 25 12 70 15 28 13 13 35 56 20 77 36 79 10 15 58 79 77 71 45 38 31 45 35 38 55 21 43 63 45 14 6 63 77 17 14 73 32 69 38 21 49 13 36 52 41 25 61 74 43 72 6 75 43 18 22 38 19 18 75 24 39 41 31 48 31 38 69 67 37 11 16 59 40 10 5 47 21 38 25 61 75 59 76 6 19 14 24 74 9 52 79 75 23 60 21 10 44 51 10 50 31 36 18 50 76 57 24 35 25 27 57 8 27 47 57
36 0 39 25 18 53 9 65 33 30 63 49 44 34 33 8 29 56 47 40 13 40 49 70 56 73 47 8 19 38 27 79 38 9 18 60 49 45 60 70 19 54 78 29 37 10 60 5 71 73 30 51 60 13 47 45 20 43 69 44 57 46 56 42 75 21 29 58 53 27 77 43 56 75 5 43 41 31 60 79 46 64 61 61 32 70 65 26 15 41 70 47 16 35 44 33 30 23 8 10 36 65 14 63 58 78 29 54 68 56 36 23 5 18 59 33 27 71 64 11
76 36 0 20 63 22 64 72 76 45 61 69 59 75 62 25 65 62 38 36 40 71 67 35 40 61 14 41 35 39 47 45 74 15 22 24 34 54 24 32 13 58 57 47 74 64 58 12 31 58 54 79 7 78 53 66 5 50 43 54 58 73 74 33 67 33 39 60 67 8 54 48 56 26 64 21 73 8 55 80 77 8 15 59 22 64 28 11 38 53 46 32 63 46 48 53 40 58 37 15 65 7 74 11 49 33 13 10 8 36 30 7 24 35 21 65 19 77 32 64
37 52 26 0 19 25 44 18 79 8 44 78 53 55 30 14 80 36 18 43 20 77 10 49 73 59 52 13 69 48 6 58 67 18 60 51 63 24 60 27 71 39 73 66 64 60 80 39 46 36 16 40 62 36 64 77 53 48 8 68 46 28 67 32 50 38 48 40 40 76 6 71 29 15 35 57 67 76 35 65 67 62 7 16 42 33 56 36 44 79 52 65 75 72 49 59 75 47 50 63 39 44 37 34 20 29 45 20 73 28 29 32 66 40 80 72 41 17 29 42
34 51 27 43 0 6 73 21 40 10 11 75 42 21 67 18 6 78 41 65 66 61 48 28 11 37 66 19 13 56 67 14 78 11 24 24 77 43 15 36 20 76 58 33 71 53 62 61 43 80 59 44 77 12 17 31 32 38 15 25 35 27 75 14 25 5 57 62 65 42 9 34 41 41 63 14 34 38 80 30 59 19 74 33 24 39 23 14 12 26 44 77 41 61 20 64 43 56 39 69 74 68 61 15 10 60 46 37 8 16 34 78 80 7 39 78 10 27 65 71
61 40 28 79 60 0 67 16 65 49 57 47 46 18 25 47 57 68 41 56 75 9 63 16 45 37 46 19 56 70 5 74 64 57 11 29 71 51 68 61 11 31 39 75 21 41 61 67 20 8 35 25 44 75 6 75 57 16 33 19 64 20 24 68 42 70 39 58 66 65 36 63 75 23 54 29 70 22 13 40 58 48 69 39 5 41 43 80 79 67 24 62 73 66 49 47 75 74 53 63 46 29 35 78 54 34 57 10 45 65 53 54 24 68 9 21 69 80 47 17
61 17 72 63 6 23 0 57 24 14 65 38 48 55 15 47 73 53 45 67 74 9 13 35 41 34 16 60 17 17 61 26 43 8 10 46 12 42 50 52 60 23 36 72 57 77 28 26 27 15 53 35 68 79 23 34 64 37 63 37 6 64 41 74 25 14 61 49 80 43 59 37 63 43 30 54 66 18 35 53 78 50 78 42 42 7 55 40 6 77 11 68 41 34 50 33 29 37 22 17 10 44 61 9 79 51 21 16 42 46 58 27 30 21 74 51 72 69 39 26
37 66 42 48 19 64 14 0 23 33 55 76 51 16 55 6 38 73 20 63 52 38 79 53 52 18 34 65 8 76 46 33 13 64 43 57 19 22 10 9 43 68 19 17 35 73 22 54 63 52 74 58 80 24 58 17 67 57 40 9 52 32 61 61 35 51 17 52 74 50 12 55 40 29 20 63 16 32 7 11 47 36 21 77 31 13 75 31 80 32 34 47 23 5 40 23 21 74 37 27 19 8 21 6 50 35 80 46 7 27 38 11 21 58 72 19 13 65 62 51
70 80 18 62 69 33 10 71 0 43 63 8 12 66 56 59 18 67 61 14 15 46 23 13 21 40 79 75 46 53 72 42 63 69 60 17 19 75 32 60 62 34 57 48 63 56 58 17 45 59 45 37 52 24 65 13 16 15 16 60 17 52 21 76 12 80 76 76 47 20 57 50 59 11 41 44 50 18 78 69 32 24 66 33 18 49 76 52 19 40 78 33 59 76 76 8 39 8 28 39 44 48 49 5 28 23 77 56 13 23 8 16 72 32 53 58 63 48 25 52
44 46 77 15 11 24 25 11 15 0 39 61 59 67 61 58 39 32 70 19 49 60 19 41 80 67 72 44 10 33 55 12 5 31 43 32 22 37 42 46 20 5 68 60 27 21 53 73 34 69 76 50 14 55 10 60 7 63 14 45 78 59 78 56 58 42 19 56 7 46 26 63 51 16 60 18 36 60 80 56 72 15 55 44 48 33 47 26 14 70 19 72 70 29 49 49 23 35 18 23 37 30 27 24 14 27 68 64 77 79 62 77 46 45 24 61 13 65 61 43
40 80 12 50 69 14 44 64 62 9 0 12 52 41 14 16 69 54 64 79 75 10 62 78 29 46 65 69 24 12 62 18 48 15 69 27 10 36 61 61 72 71 25 51 52 41 54 57 48 11 47 13 47 17 76 54 41 37 24 47 15 79 23 49 44 55 21 15 44 76 53 47 21 72 16 59 70 51 7 51 44 28 32 48 67 29 33 22 24 14 42 17 69 74 72 9 48 21 53 24 25 28 26 61 10 57 51 35 61 41 62 34 73 35 44 65 29 52 78 61
64 41 53 69 72 58 25 30 22 37 11 0 66 52 75 18 71 20 41 15 25 39 62 70 23 60 16 33 62 49 8 58 11 55 69 52 35 54 15 52 33 8 45 17 47 23 22 9 41 65 22 65 62 5 15 7 37 32 24 75 72 59 19 41 35 43 20 11 35 58 63 13 19 68 73 7 70 78 35 23 42 59 5 50 35 78 58 28 15 72 51 13 72 74 69 69 75 7 54 65 10 54 52 37 7 50 13 49 35 18 79 47 22 10 50 74 48 27 64 66
28 22 13 63 9 42 30 10 30 10 45 44 0 70 55 74 65 37 9 29 41 50 11 47 39 20 52 60 56 61 54 48 28 68 68 52 71 39 15 59 15 60 28 74 42 46 18 15 46 42 44 62 59 26 61 49 62 10 50 60 40 12 14 56 51 70 25 8 23 61 9 21 13 35 51 51 54 77 9 24 62 52 52 61 14 78 22 72 51 55 45 40 36 19 8 28 68 71 54 76 20 38 38 62 32 41 67 30 20 22 14 62 27 61 16 45 49 13 75 74
42 43 25 27 51 70 33 20 30 22 35 68 8 0 51 75 78 52 64 75 21 16 13 44 55 66 72 57 57 78 14 21 45 14 62 64 71 49 21 75 80 28 21 60 69 12 20 71 24 43 26 25 46 33 49 71 41 15 37 30 75 40 21 43 73 16 69 26 80 79 24 26 48 77 10 8 15 10 78 38 31 78 58 8 68 74 42 43 66 36 56 43 63 14 12 25 61 58 66 64 31 48 23 45 45 49 56 21 52 70 76 18 45 35 64 20 39 62 36 23
17 11 42 54 58 36 25 46 78 45 29 25 68 70 0 64 68 44 68 7 16 55 69 63 35 32 79 50 11 11 41 68 65 41 73 6 18 60 22 38 51 56 51 10 56 11 77 76 29 51 75 41 14 54 69 62 75 40 20 21 17 55 52 48 76 51 23 30 70 56 69 10 10 9 22 47 65 71 63 24 70 22 46 45 25 55 43 80 48 69 70 73 67 77 43 65 7 52 47 19 58 79 44 8 65 38 79 78 34 11 79 66 26 72 53 23 36 9 78 19
29 7 61 45 58 24 57 31 57 69 65 12 22 71 31 0 76 46 66 72 53 45 27 63 73 48 74 50 38 66 29 36 40 76 43 33 43 41 31 67 45 66 49 76 40 41 20 78 74 53 55 49 23 42 10 41 15 49 61 37 66 32 30 73 39 76 39 22 18 80 35 36 11 72 33 34 11 17 57 47 65 17 22 5 75 25 57 65 66 30 41 46 41 12 16 78 34 73 9 27 58 27 9 55 68 28 42 9 6 43 77 18 47 41 63 74 72 68 22 69
64 39 29 19 47 25 63 37 28 6 48 42 77 29 27 56 0 59 70 46 16 56 17 28 22 66 46 36 5 38 54 35 62 39 47 43 79 78 6 38 51 35 12 20 64 44 25 56 69 44 20 42 52 33 33 22 66 24 63 52 58 75 65 73 32 36 15 72 62 72 51 14 77 19 12 75 69 30 78 73 24 26 46 71 61 19 31 79 67 16 70 62 12 63 21 70 58 63 77 12 76 64 44 7 55 37 5 32 79 14 10 59 49 13 74 12 13 65 9 41
57 28 22 58 52 53 62 53 53 15 74 22 49 20 27 73 55 0 72 21 33 5 7 43 64 74 59 73 53 34 36 63 49 24 40 29 19 9 58 7 35 31 13 17 9 62 11 36 10 56 61 34 74 32 12 22 69 42 34 78 45 78 46 35 43 23 71 33 57 43 40 12 76 80 27 59 76 68 11 49 53 72 45 58 57 24 43 53 28 73 65 35 33 43 23 64 12 76 57 58 76 72 22 54 36 37 31 47 15 62 52 16 73 29 11 39 53 10 14 29
80 76 32 66 31 47 43 6 32 29 20 66 36 31 55 35 75 46 0 41 53 64 73 50 44 38 51 70 68 64 17 65 45 31 52 45 57 10 77 33 23 7 38 75 79 79 58 42 24 30 47 34 53 77 36 68 75 48 37 67 67 63 26 50 26 22 74 67 28 74 12 72 9 14 11 5 57 22 34 13 24 6 32 69 63 52 12 66 67 7 5 73 75 57 6 7 72 40 73 41 7 69 60 27 18 17 72 24 35 29 72 37 50 39 55 15 52 56 63 77
36 33 43 15 9 16 56 53 53 75 65 12 6 26 15 68 60 47 77 0 17 72 10 34 32 77 65 39 10 14 40 74 77 9 27 45 7 31 80 23 55 14 43 25 77 35 77 54 74 47 54 22 15 69 49 11 17 60 34 14 48 55 46 8 39 62 67 34 50 75 53 60 28 79 53 15 42 36 14 15 39 24 53 24 54 45 51 18 16 5 44 61 51 39 18 21 16 28 60 62 76 76 70 57 18 8 16 50 75 16 46 54 6 42 57 54 15 76 36 78
71 26 53 26 22 39 43 39 68 23 13 26 60 40 58 43 66 14 51 37 0 36 68 30 63 18 22 43 5 55 47 53 47 61 47 60 22 43 46 30 66 45 27 55 45 42 67 78 36 46 53 40 55 51 19 77 30 80 74 28 75 8 64 31 61 42 13 57 68 22 43 35 37 24 59 53 14 62 66 79 56 73 69 58 74 9 51 73 15 18 36 50 26 10 77 56 47 60 18 6 17 38 33 70 71 76 79 78 33 62 52 55 64 80 69 24 49 8 66 18
42 58 15 19 23 49 44 48 63 31 71 66 49 65 17 61 62 45 13 43 10 0 19 7 48 18 26 36 71 27 75 25 47 76 59 64 34 56 28 28 60 55 8 30 62 80 59 54 5 32 31 40 13 78 18 73 28 51 46 30 63 19 38 67 72 45 54 55 80 19 49 50 63 27 43 80 15 22 45 20 35 44 19 28 52 23 70 54 58 22 78 54 59 28 67 73 27 76 26 67 41 22 28 45 62 11 50 6 67 22 29 54 76 69 68 57 67 58 61 67
26 15 77 8 33 42 9 40 33 73 41 26 63 77 68 75 70 19 78 19 39 74 0 51 74 10 61 74 32 59 18 36 43 9 62 38 49 16 61 20 35 31 80 49 59 26 22 31 31 12 77 49 73 40 73 26 46 42 42 78 39 70 17 22 57 12 40 21 21 36 23 46 36 55 67 23 78 39 58 53 62 14 16 56 70 40 52 63 67 46 79 5 16 63 50 13 73 55 32 59 32 68 39 46 41 48 75 78 21 77 67 48 11 10 17 63 7 20 25 61
63 5 59 30 21 43 25 40 16 51 37 15 52 26 11 55 44 34 59 16 17 5 32 0 66 14 21 80 33 71 61 6 6 48 20 59 21 66 14 34 54 16 18 18 45 52 43 22 53 22 23 13 72 77 6 26 61 49 32 24 57 61 32 16 17 22 20 80 54 49 59 45 22 36 40 15 36 75 41 8 43 31 71 70 29 55 42 11 35 68 54 19 35 68 14 72 6 51 45 21 54 77 58 51 74 27 65 14 7 80 13 6 38 32 10 12 55 69 41 69
58 59 56 15 73 73 24 40 15 44 15 70 31 24 73 46 55 80 13 44 60 35 12 36 0 16 60 19 63 12 44 27 20 6 22 6 25 68 49 71 71 38 26 52 21 39 20 8 47 59 39 72 13 38 78 14 68 63 70 51 12 68 77 26 52 25 37 18 78 19 34 70 5 10 6 36 10 65 51 54 24 27 9 75 58 33 46 36 58 45 39 14 78 52 20 69 11 27 33 71 10 56 13 64 41 44 46 16 75 63 6 52 30 42 77 43 36 64 52 80
68 30 74 36 24 5 57 8 34 74 49 6 47 5 53 44 18 31 72 35 58 67 12 23 40 0 16 10 34 71 57 52 63 15 79 17 69 22 55 14 80 77 12 60 21 35 42 38 45 55 46 45 62 39 34 14 30 22 79 18 24 18 26 62 64 45 57 20 73 50 31 62 44 64 38 20 16 25 43 10 32 46 23 16 36 50 55 70 11 43 38 27 8 56 62 76 75 36 17 64 18 22 20 6 12 33 21 30 56 52 15 79 80 38 14 7 13 30 61 21
16 47 20 10 64 11 26 78 60 55 68 8 53 59 27 50 32 28 40 40 62 24 9 36 42 68 0 57 75 66 12 16 40 54 22 58 30 72 36 74 7 53 50 66 74 67 49 77 69 46 54 39 28 8 45 33 8 40 12 65 72 50 79 34 25 17 36 35 39 73 12 33 78 54 50 27 27 35 80 45 50 80 8 50 77 77 23 77 29 68 74 44 27 67 9 16 12 34 33 7 72 66 5 47 30 21 48 27 46 12 7 23 80 23 19 72 51 14 52 55
80 17 48 43 46 22 25 60 67 45 27 76 50 33 80 27 53 44 42 21 27 5 78 55 77 9 28 0 45 33 77 18 68 23 47 14 35 49 45 26 16 47 62 6 38 31 36 13 49 37 18 5 11 54 61 58 26 57 68 53 49 74 53 17 66 78 33 25 62 14 9 42 7 45 38 18 14 48 26 53 25 14 75 16 48 66 8 60 26 60 25 11 17 47 31 29 57 75 74 38 41 43 35 17 11 55 78 75 67 24 11 51 5 59 16 42 66 30 17 8
31 26 42 15 65 19 44 55 65 67 38 16 74 54 28 52 53 52 28 62 10 38 61 64 38 33 39 77 0 12 24 17 15 49 74 57 80 34 75 12 54 71 58 73 65 78 35 65 43 15 55 9 69 78 71 78 23 20 62 27 26 32 29 21 10 59 15 60 30 23 38 45 13 16 54 76 55 75 46 40 71 63 6 80 71 58 19 58 24 23 77 80 79 17 18 77 17 41 73 49 57 38 54 67 78 65 9 27 40 56 23 56 9 55 47 35 11 65 39 52
7 48 43 44 40 67 17 34 22 43 61 46 39 58 16 29 61 32 57 67 71 52 12 70 25 13 44 69 56 0 22 72 77 8 27 29 30 12 36 9 63 11 51 30 40 52 64 69 55 20 8 35 52 67 62 27 65 80 75 49 49 25 38 16 41 8 54 11 25 78 32 33 33 31 39 57 70 7 6 65 21 27 6 33 37 44 40 59 53 49 63 37 32 64 43 71 55 79 18 5 70 52 76 41 43 18 66 13 48 40 46 40 38 43 29 24 71 35 12 56
45 22 8 68 42 38 58 56 54 9 79 78 29 48 33 73 65 50 69 43 26 76 28 42 17 65 21 38 76 28 0 47 16 33 50 33 44 58 47 52 38 79 42 64 20 65 11 79 79 14 65 29 69 20 53 72 43 57 11 24 22 30 48 57 77 63 23 45 28 15 67 47 27 45 12 5 62 40 31 26 78 25 67 16 21 60 59 56 59 66 54 5 9 73 30 52 6 46 72 29 7 5 36 33 49 44 21 18 54 69 80 44 26 13 10 43 42 63 71 72
48 60 22 48 67 50 29 26 56 7 34 33 21 32 7 80 69 26 20 51 9 53 37 73 11 11 18 7 11 19 58 0 61 53 20 75 37 65 24 31 6 43 58 17 71 39 22 58 18 70 20 41 19 18 68 30 30 38 71 30 50 57 42 25 10 75 68 31 66 47 35 5 6 16 19 78 68 24 16 70 14 17 37 34 63 42 38 64 11 17 27 10 42 51 45 59 19 17 10 6 22 26 47 50 61 39 16 52 48 28 19 56 56 63 39 54 66 58 26 19
21 12 25 18 58 80 66 77 61 28 53 50 8 21 66 67 19 57 61 10 13 38 45 6 72 78 77 33 48 71 71 17 0 60 36 66 49 54 24 76 11 6 25 69 65 68 26 14 67 46 35 47 40 11 69 33 75 53 56 35 15 63 61 78 62 16 68 62 45 20 68 7 18 56 57 9 76 75 5 16 43 70 76 31 63 48 51 11 33 63 47 76 65 51 62 19 17 33 5 48 50 42 75 71 52 18 10 26 68 22 57 18 37 30 29 20 55 32 63 29
48 18 58 10 80 20 62 63 80 69 22 68 5 72 11 75 60 79 66 70 27 79 27 21 18 54 46 69 54 58 36 40 55 0 48 42 62 22 22 57 70 43 75 45 75 32 30 31 42 49 21 27 69 74 46 19 50 76 66 79 78 58 73 41 59 6 71 18 8 53 23 11 12 30 39 25 41 37 23 12 42 31 74 9 50 62 18 76 33 76 54 35 70 41 11 53 54 58 45 75 11 6 37 30 61 33 52 80 74 30 29 42 62 27 14 28 27 70 20 53
10 59 40 76 38 21 25 79 37 5 47 64 24 10 24 46 11 43 67 78 75 50 14 45 72 33 28 71 13 69 25 58 74 73 0 56 16 49 33 32 47 47 51 42 32 72 65 76 6 19 49 62 35 36 10 46 53 19 54 37 74 41 8 71 52 70 70 62 67 10 42 29 46 70 15 17 26 73 73 5 13 31 32 59 18 31 73 60 14 24 8 63 47 9 16 14 11 27 37 76 14 78 34 38 57 54 62 56 60 45 7 54 20 73 5 13 79 10 14 50
69 18 42 43 16 41 61 53 55 8 65 25 73 33 22 55 74 42 23 43 52 6 75 76 23 20 10 5 78 55 73 75 15 44 31 0 49 32 57 70 23 25 28 33 37 29 19 28 77 11 75 64 75 14 42 13 37 17 30 79 67 47 50 21 35 17 41 13 29 45 67 62 47 44 79 24 77 77 51 45 59 26 5 45 36 33 60 40 51 22 47 66 64 62 50 44 67 75 18 27 15 40 22 73 30 38 14 14 7 69 8 79 79 56 80 32 9 75 38 74
74 65 24 51 55 33 80 42 22 64 69 70 16 55 51 69 6 35 26 70 22 62 25 27 77 77 23 66 50 10 33 67 34 13 38 52 0 34 10 31 71 51 54 65 63 10 10 46 18 71 40 38 79 74 77 27 53 53 51 80 14 71 37 53 33 71 56 50 49 67 66 5 69 22 61 26 34 14 70 40 32 24 28 25 51 20 34 58 47 19 66 66 66 31 80 25 57 7 36 10 21 78 80 25 22 70 10 78 23 12 26 38 28 71 56 77 7 41 15 32
62 65 66 26 33 57 23 79 28 70 38 26 48 63 80 13 34 53 54 21 18 7 30 71 69 58 24 17 27 65 9 73 69 20 16 66 21 0 74 5 60 71 58 52 10 72 59 34 66 53 49 80 78 17 59 22 37 66 34 15 41 74 57 37 29 5 5 78 71 20 71 5 53 31 45 57 51 18 24 59 79 37 38 73 59 77 51 40 55 31 57 75 76 66 27 52 76 76 66 37 44 78 49 55 22 20 34 62 25 17 32 70 56 48 75 11 25 54 5 16
23 65 60 16 13 38 33 52 15 9 54 56 71 41 12 27 68 61 6 30 71 41 29 9 70 71 34 26 9 51 35 5 25 16 40 56 50 55 0 56 80 30 71 6 13 16 75 41 76 79 49 49 40 33 29 63 56 78 5 38 27 57 69 18 76 14 69 42 48 19 70 37 73 78 37 61 53 77 66 36 48 63 63 80 8 66 19 38 13 53 33 34 45 57 50 71 73 6 38 36 41 16 56 48 14 75 27 65 45 50 32 78 39 28 29 68 30 35 35 38
31 34 30 36 50 24 18 20 15 68 5 74 10 66 52 45 68 78 40 67 28 70 40 55 33 78 21 11 72 59 66 74 9 69 49 55 27 63 20 0 71 63 45 6 6 31 53 79 17 46 51 38 28 75 38 35 39 65 48 51 28 68 59 31 58 52 51 56 40 62 28 78 21 78 34 17 39 35 76 60 53 30 23 24 65 6 27 58 68 22 71 73 45 67 43 37 76 77 11 55 17 25 12 32 37 65 17 62 47 38 51 51 76 76 37 49 7 57 20 49
30 78 78 73 27 41 50 46 70 67 62 15 53 41 64 23 26 48 58 78 56 14 15 25 48 34 45 45 42 39 55 39 61 51 80 71 62 57 26 28 0 7 21 35 37 15 31 26 55 18 17 13 65 75 11 8 55 72 15 18 38 24 15 54 44 34 36 41 61 21 21 72 26 8 9 50 46 65 64 74 39 75 61 22 74 27 80 63 77 60 72 73 44 49 66 74 34 16 61 44 51 57 38 24 43 6 5 71 22 49 41 65 73 6 67 66 43 6 60 42
34 5 75 52 29 57 76 60 55 36 25 54 53 33 38 15 59 35 71 39 41 73 39 57 29 13 28 22 42 19 63 62 39 67 29 46 7 24 11 73 7 0 28 18 41 39 21 61 6 34 16 24 6 68 32 48 58 44 68 52 64 9 47 15 23 12 39 55 14 74 65 28 29 37 53 6 20 36 54 61 36 9 30 63 17 71 31 65 54 44 46 25 10 75 71 20 37 66 43 30 51 11 32 19 35 60 46 6 26 40 79 20 55 36 6 10 79 65 24 52
16 36 25 68 16 48 12 12 50 24 73 18 21 67 34 45 76 49 61 29 7 53 50 22 37 10 67 61 76 42 74 67 29 77 28 74 49 46 64 40 75 25 0 13 72 24 62 42 38 74 51 63 5 69 53 28 7 51 35 46 13 73 54 29 72 68 75 24 41 46 57 46 19 17 71 13 10 21 27 9 30 18 67 29 17 9 78 54 67 72 80 37 11 51 33 14 6 31 67 15 64 12 51 76 58 52 12 39 72 10 14 43 14 32 71 17 17 34 73 54
29 29 72 36 77 27 76 76 58 18 78 50 63 59 18 26 28 75 56 69 48 25 73 61 50 45 75 46 52 57 60 46 35 77 74 32 53 75 37 51 62 62 55 0 5 9 41 7 71 22 43 5 43 33 32 45 7 40 75 70 76 78 78 24 17 9 63 50 24 22 38 51 79 36 34 37 43 16 78 56 77 32 14 46 66 27 67 78 17 43 9 78 53 15 12 47 49 60 58 20 34 6 53 11 44 72 10 45 74 77 24 46 69 33 24 11 55 62 78 69
16 33 60 42 55 23 21 48 15 65 78 11 75 56 38 15 56 69 60 21 22 66 76 30 67 55 78 30 76 72 36 36 14 39 60 46 78 16 19 57 59 51 49 29 0 46 49 8 44 26 49 61 23 61 10 34 30 52 24 15 19 11 36 23 41 6 48 19 44 62 65 7 47 31 73 32 31 74 71 38 75 66 23 7 53 79 72 10 37 26 12 41 30 39 11 64 6 13 54 39 51 18 7 42 54 34 53 70 17 45 67 73 16 28 30 69 63 76 7 10
36 72 44 47 67 55 25 7 49 50 50 43 35 69 40 12 37 54 8 76 40 33 24 48 55 22 16 53 71 34 58 35 78 24 59 44 47 62 74 21 31 22 79 74 30 0 22 44 72 22 60 23 77 25 45 13 76 73 20 28 45 23 8 45 57 57 43 61 40 24 29 18 21 28 8 39 77 34 34 34 8 50 15 66 22 69 65 52 28 54 67 65 22 25 29 33 9 57 6 39 57 33 30 31 13 27 61 67 46 63 36 59 56 10 53 45 55 78 73 72
9 71 18 62 63 10 36 71 73 55 10 76 54 71 11 29 42 61 55 43 41 64 26 59 42 11 71 23 64 62 16 69 19 28 79 74 22 55 57 46 62 8 27 63 80 30 0 63 16 37 46 25 20 16 19 62 51 15 72 54 70 25 53 75 53 10 26 47 77 24 25 23 27 11 58 44 44 62 41 28 20 21 30 5 37 6 63 68 68 74 5 68 35 32 80 65 63 57 61 15 5 36 75 40 76 31 11 28 23 12 49 9 23 9 78 43 47 16 11 18
58 27 25 41 78 76 27 63 79 51 9 16 43 46 52 53 13 59 75 13 42 65 22 20 40 47 72 57 72 31 31 12 18 78 72 16 66 41 59 45 38 72 78 50 21 77 68 0 71 68 68 28 34 42 29 5 20 8 64 20 31 58 57 10 47 49 76 32 6 30 41 37 13 44 43 69 75 46 5 19 47 48 55 77 8 27 29 47 48 66 65 9 22 66 24 63 73 47 64 57 12 71 43 77 45 76 73 7 31 78 47 50 13 24 40 8 48 53 73 26
78 54 28 19 44 45 9 39 57 16 68 35 52 62 43 32 72 43 27 19 52 9 30 16 61 69 8 66 69 24 29 48 66 72 44 46 23 17 71 21 31 9 63 54 71 19 5 44 0 10 16 47 64 10 18 71 44 7 78 44 31 46 30 29 41 40 73 45 61 20 39 24 25 40 19 6 76 70 18 31 74 49 75 45 39 23 41 78 36 26 14 44 48 74 61 11 21 8 65 11 18 54 11 16 59 55 27 80 62 50 44 47 30 73 15 64 77 21 16 64
17 63 44 64 65 34 33 23 38 51 55 28 47 46 63 67 8 13 65 19 49 66 64 26 41 49 78 21 70 18 56 18 46 76 14 43 73 64 56 80 57 35 36 75 25 66 54 13 48 0 31 80 60 60 77 48 74 35 27 14 78 67 19 80 64 46 76 17 61 27 44 56 13 18 53 46 68 12 16 32 22 79 5 23 24 62 73 42 54 78 62 30 31 45 43 77 43 60 49 16 79 6 70 56 21 42 12 52 75 11 5 76 50 19 41 8 35 60 80 55
45 53 56 53 60 74 32 27 65 22 29 76 54 51 58 24 41 21 22 6 14 7 23 67 60 22 15 22 58 63 59 28 63 70 59 75 62 54 50 33 28 59 5 78 68 35 69 39 57 74 0 78 51 9 9 77 66 52 19 79 66 15 23 72 40 64 71 15 71 16 36 65 14 74 79 44 11 48 73 6 65 63 70 65 78 47 58 50 42 42 26 9 43 77 38 12 65 79 26 78 11 42 8 41 67 15 21 69 14 40 37 21 40 40 37 6 19 27 80 24
62 52 27 38 35 67 28 72 9 48 15 23 24 68 57 54 35 61 26 31 78 49 11 38 19 11 26 64 56 65 43 65 73 34 53 54 65 38 23 72 60 6 41 62 53 45 72 10 17 73 50 0 60 39 47 39 39 17 37 79 55 64 35 80 29 71 48 28 45 75 6 6 13 6 57 17 72 18 62 49 33 41 37 29 9 8 16 12 32 20 20 16 21 53 77 28 19 28 37 42 64 14 63 40 59 46 37 25 14 40 12 53 54 47 12 38 38 27 61 13
67 30 55 27 67 18 23 74 60 32 18 61 38 18 9 14 14 78 37 62 7 68 24 5 9 54 39 24 47 55 78 5 70 67 66 60 56 13 74 33 5 54 66 20 77 73 50 47 43 56 12 16 0 51 73 48 15 63 42 30 27 75 10 54 29 43 54 18 50 67 15 61 29 22 9 29 8 80 35 67 54 13 74 44 68 73 62 7 9 48 12 48 10 56 20 32 71 63 73 24 79 34 14 9 23 67 7 65 10 36 21 6 27 11 44 17 63 26 80 13
18 19 68 33 13 30 59 48 56 46 20 78 74 22 46 32 10 80 27 47 13 20 40 23 58 26 52 75 26 61 36 79 10 22 17 53 25 7 67 15 5 5 27 16 80 41 58 65 21 31 23 39 71 0 62 57 35 27 9 28 68 16 43 49 58 5 76 35 29 20 72 17 51 74 69 33 64 31 40 11 29 19 24 65 68 27 25 10 11 51 41 31 60 37 47 63 10 18 11 73 27 25 8 67 70 19 14 35 61 80 79 46 58 30 46 34 19 46 34 17
35 57 30 53 33 14 65 79 67 11 60 23 32 63 27 54 52 22 63 29 50 39 30 47 21 9 77 12 40 22 19 64 63 58 26 48 33 42 25 26 78 75 34 16 57 71 67 32 80 65 64 40 6 59 0 36 36 46 60 79 33 80 24 78 5 58 10 10 65 69 9 59 72 55 66 17 62 68 35 15 76 6 57 32 21 50 42 35 16 7 66 44 25 63 78 79 8 63 64 22 56 28 52 64 5 14 54 47 72 9 42 59 39 74 78 31 15 47 12 70
51 11 19 54 51 64 10 51 51 27 76 13 76 31 22 47 35 74 19 66 79 31 33 46 50 39 69 59 40 11 13 52 49 62 67 69 72 20 65 73 73 42 62 52 13 29 63 16 15 55 27 41 14 18 26 0 40 19 23 68 24 31 71 7 42 58 74 21 65 49 58 61 7 42 29 13 7 34 71 47 57 79 48 46 67 80 72 75 61 63 43 77 21 44 26 38 34 66 52 41 11 23 50 41 63 26 25 73 41 28 27 24 25 35 19 10 45 78 21 61
38 52 28 31 76 9 45 49 23 52 62 74 25 73 43 20 8 56 68 23 63 45 24 5 74 69 47 42 65 42 78 23 77 61 48 19 66 10 22 75 19 44 8 56 33 62 50 16 46 12 29 79 72 33 40 30 0 7 15 73 62 16 70 55 29 67 45 70 12 51 55 23 59 52 54 52 6 41 49 49 44 62 76 16 32 61 58 61 41 25 59 58 22 80 16 23 31 43 65 72 47 13 80 53 16 5 57 39 58 27 76 64 77 22 30 28 53 42 75 67
10 43 79 43 68 76 64 33 8 5 24 38 43 65 20 41 58 27 67 36 8 20 40 68 13 51 79 66 77 60 38 65 20 52 70 78 7 38 25 79 12 23 45 64 22 50 25 11 39 51 58 50 11 42 42 72 14 0 70 29 28 17 26 74 46 45 43 39 51 17 73 79 50 23 6 22 71 41 52 67 57 48 25 18 32 24 69 33 29 76 72 73 75 19 58 63 14 19 21 7 66 49 44 51 22 61 71 48 27 43 8 20 33 21 23 34 44 21 31 21
15 59 19 14 7 66 60 10 30 18 9 70 80 12 65 20 37 10 13 43 6 17 20 31 80 30 28 49 8 16 23 40 79 49 50 25 69 35 69 77 13 17 79 6 72 32 29 41 26 73 5 17 32 69 65 51 80 28 0 61 18 28 50 53 59 32 70 34 57 19 45 20 64 19 71 22 68 51 41 76 10 15 46 68 19 54 41 63 44 61 33 75 57 42 59 29 13 65 52 27 6 67 18 55 61 71 15 20 23 55 56 80 18 26 13 51 30 48 30 56
20 34 59 68 40 79 80 39 56 50 65 56 67 70 40 23 63 18 20 37 67 68 34 22 8 17 11 13 68 8 27 53 46 24 43 17 14 71 68 64 30 42 68 67 69 38 74 48 74 74 7 9 60 20 54 62 45 53 61 0 63 9 9 27 76 43 26 67 60 22 44 54 67 19 77 67 75 74 78 65 65 76 25 69 12 55 38 68 80 53 50 41 46 12 8 80 10 21 51 49 79 8 48 53 17 59 49 50 57 49 12 36 36 35 44 80 15 13 44 19
48 26 7 73 46 9 63 59 77 70 58 39 7 65 80 7 45 53 78 54 46 78 17 67 17 31 48 68 69 48 26 43 51 60 30 68 14 73 32 41 38 11 43 78 56 33 16 79 17 80 48 39 13 77 72 65 59 31 49 14 0 43 69 43 60 74 45 30 58 56 37 70 63 75 28 7 71 28 78 68 32 64 39 73 60 77 12 71 30 51 64 23 35 24 43 60 57 45 13 31 57 39 41 25 37 35 56 35 19 24 29 8 36 44 64 67 76 60 59 9
30 25 39 22 8 38 40 75 27 10 67 7 12 15 45 43 13 57 51 16 55 22 35 19 78 69 20 71 79 72 37 68 16 35 20 45 47 79 54 35 59 32 23 18 27 32 40 61 57 37 80 12 67 73 52 19 45 74 59 65 36 0 40 23 51 65 52 44 7 9 11 35 37 75 54 44 51 20 73 35 61 54 6 55 37 43 16 35 43 31 25 61 45 57 9 40 15 67 65 57 47 59 17 25 38 69 13 50 58 75 46 63 8 11 28 61 22 5 56 30
44 45 78 15 19 25 36 71 21 57 45 62 66 22 38 27 80 46 41 30 15 58 52 28 55 53 78 33 7 7 76 34 16 64 30 38 26 11 56 59 38 24 16 52 26 77 20 6 72 60 63 68 20 33 31 29 39 41 68 53 21 60 0 31 32 41 29 58 28 57 23 8 42 38 35 62 36 52 79 63 15 6 65 22 46 55 32 54 59 37 14 17 76 12 11 47 35 65 50 10 5 37 69 53 43 55 52 21 76 10 79 27 38 26 69 68 48 64 21 16
45 72 60 23 38 19 45 10 21 68 40 51 60 41 38 38 71 45 60 26 45 67 24 76 61 11 29 24 11 34 28 9 65 38 25 64 60 19 68 10 61 50 76 67 63 68 19 23 20 49 16 31 41 28 26 70 39 77 79 32 79 5 72 0 78 28 58 14 36 68 17 47 8 41 20 55 52 80 18 46 24 8 15 63 66 63 39 5 47 10 62 46 77 21 32 11 41 46 12 14 75 53 16 56 37 27 35 56 16 7 31 25 54 56 41 24 20 43 67 60
44 21 50 17 52 70 30 67 62 54 65 39 77 59 16 59 52 28 60 59 16 10 70 48 64 33 24 68 72 72 15 42 64 60 15 66 43 24 21 43 36 71 59 42 77 11 75 14 10 70 18 70 59 57 17 64 77 37 50 37 79 15 69 7 0 19 64 27 28 55 10 15 58 43 45 80 63 62 38 48 28 32 28 15 38 18 60 73 7 5 55 19 6 26 66 63 56 67 43 51 55 43 16 21 22 6 29 19 7 29 8 31 66 23 35 60 73 29 16 43
64 23 65 59 7 19 26 24 61 67 65 7 62 79 36 30 42 77 55 11 47 6 18 60 58 68 79 75 42 9 67 56 67 70 80 67 34 12 72 7 59 78 45 75 13 39 58 65 19 68 49 62 60 7 25 41 29 65 49 61 34 69 33 80 48 0 64 21 42 54 58 51 65 25 31 41 16 66 21 27 30 25 67 17 58 68 43 35 31 76 11 7 50 38 50 25 27 69 9 13 48 60 19 34 20 76 33 67 38 48 50 10 76 39 24 70 18 11 61 63
19 18 18 76 10 69 18 26 20 31 51 25 42 61 69 68 17 24 51 47 22 20 30 61 58 5 36 65 48 41 69 26 15 39 52 58 51 36 24 72 58 34 22 59 57 57 63 71 51 8 61 23 6 71 13 15 48 45 56 26 60 12 55 9 24 78 0 12 71 42 58 56 75 43 45 49 6 40 72 23 56 62 31 74 61 49 56 30 43 15 9 73 47 54 21 71 74 41 32 16 70 75 44 71 48 25 7 8 74 80 38 35 43 59 69 19 12 52 38 69
50 20 11 20 62 43 78 5 63 48 35 79 77 73 34 49 43 41 78 22 53 71 36 18 46 71 79 29 51 63 17 23 59 57 15 16 12 59 21 65 32 62 14 52 72 56 80 76 71 55 38 79 68 59 61 67 58 25 23 69 21 67 63 21 70 72 20 0 32 63 65 9 25 76 52 20 57 19 20 52 78 42 10 71 24 20 52 44 52 43 42 67 8 23 23 80 58 11 44 41 32 28 67 5 20 75 49 13 10 58 66 78 44 77 62 48 53 65 21 22
69 63 62 62 24 46 16 57 54 34 55 48 74 10 61 40 16 26 8 78 44 76 20 76 15 29 74 78 11 77 71 29 65 69 7 20 73 28 7 40 31 36 79 61 15 73 46 56 80 10 67 7 48 60 28 58 8 72 45 53 37 16 19 17 74 26 41 23 0 28 37 16 24 44 57 26 12 46 28 8 12 43 54 17 45 23 57 46 38 53 20 11 30 35 80 35 68 70 69 54 19 39 12 45 64 75 57 13 66 8 57 34 7 39 75 80 17 36 76 21
43 77 57 62 15 69 31 23 52 74 26 36 73 59 76 62 10 5 64 42 26 5 12 66 39 37 53 49 32 79 70 41 10 25 73 77 13 43 16 55 20 22 76 40 60 31 69 45 48 38 62 39 36 46 48 31 63 47 7 22 5 65 5 6 27 57 76 67 55 0 73 15 14 73 8 61 20 50 53 50 54 27 6 20 64 52 29 61 6 33 7 40 50 29 16 43 33 34 68 51 9 40 68 31 5 30 55 19 40 77 69 68 26 75 29 77 77 27 13 80
21 13 21 38 77 34 71 40 29 7 73 37 76 63 5 59 11 46 60 57 40 20 71 64 68 51 71 10 33 11 40 58 73 62 45 5 55 29 47 15 78 8 33 59 14 36 30 26 47 44 13 17 8 66 60 8 80 47 37 36 18 65 35 48 11 47 71 35 14 61 0 17 62 79 20 15 12 9 53 45 13 21 12 61 12 43 60 13 18 12 76 11 42 53 56 17 57 34 6 63 54 64 59 17 48 8 63 71 47 80 29 18 18 6 13 80 29 78 21 70
37 50 58 66 61 28 36 22 10 12 21 44 79 60 70 50 44 79 74 23 23 65 44 48 42 52 6 71 80 23 12 35 69 76 11 59 49 30 30 30 13 48 29 65 64 47 79 77 47 43 58 47 25 18 63 10 68 33 5 33 34 64 32 35 66 47 53 31 56 28 5 0 51 6 14 50 8 76 19 23 42 61 29 79 51 10 8 30 30 41 27 33 38 27 48 75 36 27 30 7 27 38 17 7 22 53 19 48 31 44 63 35 52 52 26 72 60 13 20 23
21 29 29 73 53 52 45 59 36 10 80 29 73 42 24 46 36 11 40 21 70 79 67 31 15 65 13 26 70 54 70 52 68 71 64 27 46 52 72 66 68 65 39 79 56 79 9 31 33 30 62 35 55 32 44 59 53 78 25 52 37 75 15 22 15 42 61 71 50 34 79 10 0 64 70 48 59 62 64 60 57 52 68 45 39 53 8 27 61 34 38 14 50 15 42 69 70 74 15 40 34 17 20 14 51 9 74 30 47 30 47 37 43 40 29 22 74 38 6 43
41 49 56 56 79 6 65 70 24 55 34 34 31 65 34 71 80 75 64 64 48 15 45 29 59 58 31 61 62 76 8 52 22 78 21 44 6 68 50 48 33 58 59 56 73 43 46 80 7 77 9 22 24 47 77 78 55 53 31 55 13 73 54 29 65 18 47 77 62 43 16 26 18 0 75 27 9 67 8 28 30 13 54 41 31 34 42 72 13 63 12 52 71 6 26 46 57 55 25 19 21 73 58 66 13 54 31 21 31 44 60 65 25 78 44 80 30 69 63 40
30 5 23 62 13 56 36 72 47 77 67 63 64 78 10 16 41 63 49 43 55 27 58 36 27 60 63 54 28 77 17 55 10 35 25 40 73 42 13 32 68 57 75 20 52 14 18 69 46 57 62 26 37 31 69 10 64 8 14 64 53 48 56 29 55 9 6 37 19 22 46 64 67 64 0 13 15 75 36 61 22 65 40 25 26 7 17 27 42 20 73 55 26 14 6 39 24 61 50 27 32 9 73 32 61 11 71 18 54 44 61 11 5 11 53 30 36 52 35 30
16 7 58 8 6 48 29 13 33 17 26 26 10 58 70 18 46 46 76 29 31 74 55 59 20 34 32 18 50 46 27 6 56 45 6 54 32 63 33 13 40 52 10 13 32 57 43 68 18 73 77 26 37 17 46 54 22 47 27 45 66 13 47 7 79 62 53 70 34 69 80 6 34 7 20 0 44 35 59 36 15 12 22 52 68 42 30 24 53 31 9 35 61 47 22 40 45 10 71 58 41 8 34 47 48 36 31 74 11 36 33 53 71 46 28 61 5 13 67 13
29 11 23 31 21 16 27 80 75 31 35 69 15 59 64 44 26 30 36 59 27 36 43 41 78 62 30 39 66 15 51 55 53 26 65 61 59 69 60 24 66 7 53 59 15 43 73 24 75 27 37 53 64 44 63 41 53 76 66 14 47 22 65 30 24 29 5 6 69 52 67 56 58 55 52 54 0 67 44 80 14 57 9 20 54 77 25 29 60 37 49 70 67 52 12 54 59 36 36 66 9 51 8 23 38 63 23 37 36 79 25 6 19 16 54 55 80 15 71 29
59 26 59 37 43 69 73 53 80 44 57 16 18 78 49 23 39 31 55 44 5 26 67 5 17 13 58 72 58 41 60 26 27 52 28 22 30 67 28 69 19 62 77 32 28 30 12 28 29 38 57 61 18 26 15 42 15 53 20 40 13 48 8 79 35 66 67 17 6 12 39 5 79 10 17 32 71 0 5 53 71 39 67 65 48 59 48 52 48 45 35 51 56 53 12 50 47 17 5 63 56 22 8 20 72 40 36 52 62 65 70 57 29 5 46 7 51 10 46 61
34 67 56 15 49 59 65 17 54 42 29 23 71 78 69 9 21 68 16 43 75 64 26 62 19 66 74 35 36 32 26 16 18 60 8 25 46 54 40 33 37 65 20 22 73 67 16 47 33 78 13 48 53 53 76 60 34 33 38 19 42 16 19 16 48 80 29 19 78 52 21 45 53 78 5 44 12 80 0 73 29 54 59 45 51 21 71 80 33 18 55 6 73 63 45 23 42 33 68 63 23 41 23 9 45 44 69 20 40 78 66 32 68 42 53 12 47 24 31 33
11 27 67 55 43 25 7 75 55 48 59 65 49 55 55 14 72 41 41 29 75 55 17 21 46 79 11 43 63 25 78 22 61 66 42 23 31 32 30 6 51 78 18 23 53 59 26 12 17 50 65 27 11 20 70 48 80 60 24 56 36 9 20 35 55 67 43 27 53 16 64 53 40 61 52 6 20 19 15 0 20 67 70 33 7 80 78 78 66 40 17 80 28 54 66 60 43 78 21 17 46 13 73 28 56 7 55 76 73 72 67 13 71 79 73 20 31 20 28 28
5 76 62 45 20 10 21 78 31 25 16 76 37 9 15 20 69 43 51 74 26 59 5 36 43 10 71 42 73 61 22 78 67 45 71 50 73 70 31 17 10 35 9 29 23 43 32 22 75 32 80 50 40 21 59 14 75 37 38 53 25 56 63 15 37 59 23 73 31 14 39 29 52 77 70 25 58 24 45 60 0 53 8 36 14 39 20 73 19 75 57 13 47 16 51 47 39 23 33 40 6 17 53 33 53 18 20 27 72 44 80 67 17 72 49 78 41 75 39 17
11 26 45 54 28 49 73 75 56 66 80 21 38 6 70 24 21 23 53 77 39 11 52 36 58 63 28 61 50 64 69 41 40 59 71 34 44 16 44 57 45 16 15 14 35 16 26 78 12 15 41 75 68 6 59 70 22 66 68 70 73 20 56 6 29 5 59 73 49 36 72 10 62 26 72 33 27 14 51 22 70 0 50 11 59 68 53 26 52 19 48 36 74 20 42 43 66 42 38 32 5 77 55 32 44 70 9 64 67 12 50 5 63 47 43 50 18 5 49 28
56 50 6 17 60 67 30 15 72 70 24 57 20 67 5 24 37 33 65 55 52 43 51 59 28 73 39 18 61 61 25 22 50 60 5 50 30 19 29 41 10 22 55 58 47 9 25 30 66 39 20 58 67 75 68 21 46 56 69 54 21 19 18 7 21 24 49 69 6 35 11 48 59 6 60 66 42 41 67 15 59 36 0 24 70 28 36 40 19 38 36 59 30 65 18 69 28 29 80 24 34 20 21 56 9 40 29 23 59 7 30 16 11 53 57 72 44 34 33 48
59 66 12 70 59 11 43 19 39 51 40 49 58 36 45 11 28 10 5 11 46 32 41 65 40 17 60 28 37 67 51 47 43 19 17 6 75 21 47 51 51 80 72 52 35 40 31 79 54 16 18 21 20 10 80 29 29 62 17 14 74 48 43 65 30 73 24 10 21 29 58 75 37 76 49 51 62 20 60 13 66 58 72 0 69 7 26 40 21 42 10 77 12 29 55 68 73 70 14 26 61 70 54 76 54 56 39 31 28 5 25 78 32 80 6 70 63 69 72 38
43 33 42 39 75 20 26 33 10 73 35 42 10 23 40 22 39 11 36 31 73 19 5 49 52 46 15 75 38 22 57 42 46 12 6 50 33 40 27 37 7 73 79 18 53 37 75 31 61 33 46 39 31 79 55 24 62 34 60 52 23 66 16 68 28 63 28 27 29 77 67 28 41 7 44 25 27 55 29 13 23 14 59 36 0 63 56 17 72 22 6 17 53 54 7 19 6 10 21 36 15 39 23 6 6 18 74 48 15 30 22 66 77 61 25 44 47 66 24 36
12 74 39 74 20 7 10 18 74 42 18 70 58 23 5 33 8 34 59 54 23 50 41 33 54 19 67 26 19 33 18 41 50 14 47 20 51 15 10 24 27 59 72 47 28 59 24 43 41 49 18 39 68 52 38 14 5 24 23 45 23 54 62 66 13 19 78 59 40 23 16 46 21 28 54 50 45 68 59 66 57 47 22 36 54 0 58 75 68 73 73 68 73 73 34 54 15 79 58 72 78 33 16 35 51 5 31 7 51 76 65 22 19 12 49 51 22 42 63 23
75 58 36 31 33 12 22 20 23 53 8 59 52 11 18 79 14 66 25 8 23 51 23 15 36 14 6 77 58 24 28 65 22 72 43 65 57 48 61 6 41 19 24 12 9 27 69 25 6 55 59 63 75 38 78 69 44 34 59 25 39 16 71 53 21 32 56 12 33 55 28 76 14 64 66 45 56 53 26 11 52 59 29 39 18 18 0 14 51 47 8 35 41 25 74 18 13 32 6 44 29 75 30 9 35 39 15 77 77 10 77 66 10 11 45 16 44 6 50 41
55 69 29 45 55 50 21 17 47 57 69 17 69 24 8 80 53 66 80 9 42 25 24 64 15 16 34 32 23 25 69 71 71 48 62 21 48 42 51 60 10 54 35 31 14 24 77 68 17 6 23 44 75 16 68 17 63 45 26 42 25 13 40 78 51 50 16 14 27 63 38 65 37 61 22 20 77 67 10 51 41 56 57 21 61 51 70 0 45 52 15 57 69 62 38 10 12 36 76 6 24 18 42 53 25 77 56 14 33 54 64 16 49 64 64 73 64 18 15 28
18 55 60 30 56 47 13 45 48 67 32 65 19 40 63 9 74 24 65 23 32 45 77 9 53 12 51 60 65 32 11 32 7 59 39 37 27 15 23 13 40 56 15 43 62 58 72 32 38 28 11 16 59 48 43 26 30 49 58 66 65 73 25 60 50 78 54 6 76 30 14 79 23 46 45 6 24 63 23 68 45 19 57 38 71 5 62 21 0 62 79 17 9 32 29 58 74 26 53 32 49 31 29 78 6 52 51 7 43 44 69 20 68 63 57 57 50 50 74 59
71 47 19 27 63 59 52 27 75 25 74 60 53 41 60 41 17 16 18 16 7 57 18 68 74 17 61 69 79 9 42 58 32 33 63 75 53 19 30 65 20 49 64 57 55 5 52 33 69 41 39 38 44 58 35 5 58 9 6 8 24 52 71 45 47 26 78 60 35 76 55 29 55 11 78 59 21 54 27 56 45 71 25 60 34 17 21 69 20 0 78 55 38 75 25 46 31 16 16 8 60 6 80 24 8 74 15 78 53 8 21 63 50 28 35 33 43 29 73 36
53 38 11 40 15 23 7 79 18 19 63 20 18 23 41 38 28 16 14 68 51 31 55 17 67 7 57 14 67 14 31 58 53 45 62 25 28 43 6 27 77 9 20 48 49 66 74 5 25 71 37 20 29 8 73 7 71 70 24 32 51 19 32 8 46 22 33 15 21 39 40 66 30 16 49 75 42 64 68 60 70 56 29 37 27 30 40 55 18 79 0 80 44 26 31 67 60 62 59 39 45 18 54 59 30 77 50 52 13 62 26 9 70 37 80 57 42 72 50 55
8 19 28 46 59 28 50 36 14 32 52 52 23 45 20 6 45 6 47 32 64 77 46 34 76 13 54 41 32 72 32 18 76 40 14 78 58 60 45 45 30 30 11 68 68 10 40 58 20 20 62 26 46 80 54 35 78 7 41 7 78 5 64 41 21 56 9 73 72 10 48 7 13 65 17 58 43 40 45 49 56 15 76 45 68 11 55 43 63 68 20 0 52 18 8 33 11 6 22 18 46 60 33 26 16 29 52 73 5 11 38 10 19 11 43 14 38 47 53 39
26 22 79 63 20 21 45 23 79 57 62 20 71 72 35 78 66 67 40 46 66 33 16 38 42 15 50 76 36 31 14 14 68 12 32 6 32 64 54 29 67 18 48 31 80 72 70 45 44 63 24 69 18 21 33 51 54 62 70 30 56 29 13 40 59 26 44 78 18 23 64 18 19 35 7 63 28 39 8 65 72 62 50 38 20 75 15 50 60 32 24 55 0 69 60 70 47 11 61 39 52 17 11 53 59 29 42 29 56 27 40 72 68 71 60 18 11 36 19 33
19 11 9 78 39 35 13 73 17 40 33 56 55 55 17 33 39 68 31 26 31 49 41 41 5 17 28 69 66 44 35 26 45 13 26 28 47 63 23 6 65 59 47 7 27 38 14 26 6 50 65 79 5 67 36 65 19 10 7 77 42 34 72 69 26 23 17 17 43 47 62 67 49 74 37 67 37 51 63 6 50 43 47 71 66 19 39 71 7 23 57 33 23 0 50 68 8 36 78 60 51 31 16 29 53 18 40 74 62 72 27 38 49 47 55 80 58 40 44 29
10 79 71 48 20 60 63 77 49 41 19 6 68 23 64 24 71 42 76 25 43 67 41 13 42 6 63 10 32 41 80 20 11 67 44 5 60 50 5 11 37 22 49 41 69 76 24 16 39 23 30 60 79 15 42 33 9 65 50 36 54 59 56 17 38 43 44 27 77 60 46 79 22 30 37 22 58 75 30 43 44 15 43 77 64 74 28 53 60 17 22 72 61 45 0 69 50 64 50 59 64 58 57 64 8 76 8 58 16 22 43 36 79 70 52 21 74 77 42 11
55 21 56 5 64 71 63 11 15 12 39 18 47 17 42 77 66 47 12 20 79 70 11 31 71 23 76 68 22 33 24 43 44 5 67 30 19 13 5 24 20 71 17 36 31 18 65 8 69 61 55 12 20 43 56 66 28 35 74 38 61 20 60 23 7 28 23 35 26 70 74 30 65 66 42 42 17 80 68 52 40 55 54 18 64 58 59 23 8 41 63 20 77 54 6 0 79 43 9 61 10 50 22 64 63 40 6 25 50 69 69 31 49 72 54 70 13 27 24 50
77 48 63 22 40 43 55 13 66 53 65 28 78 69 72 38 21 46 80 79 49 79 56 13 10 8 25 34 17 18 68 65 46 34 35 18 27 54 58 13 12 37 19 9 14 61 52 8 27 46 18 62 53 22 78 76 30 30 37 67 61 41 33 30 25 60 72 29 16 79 8 17 31 9 22 5 51 57 77 74 14 48 28 72 68 29 31 78 65 69 50 50 76 22 13 61 0 59 53 14 77 15 21 71 43 17 20 68 34 11 74 47 7 33 42 37 54 50 13 25
41 14 73 78 35 71 69 44 56 12 74 19 79 65 38 8 9 48 58 38 30 47 12 22 31 75 47 12 35 68 14 77 9 49 14 58 15 75 66 21 39 10 18 9 68 69 33 49 60 66 43 34 7 12 8 30 73 53 7 75 66 11 54 53 21 60 59 75 22 19 61 20 52 50 29 48 60 12 35 34 16 80 6 34 57 73 77 10 6 36 12 14 12 21 61 28 41 0 10 45 49 36 42 21 55 66 20 14 14 37 74 31 68 50 33 61 43 51 75 42
36 72 39 45 74 69 18 11 49 57 67 40 15 31 22 71 34 44 75 31 20 52 23 9 35 61 63 19 7 68 9 39 40 80 54 43 15 12 40 54 68 7 53 54 61 10 33 31 53 28 60 73 11 44 9 74 49 8 48 38 80 32 8 48 60 59 12 18 75 54 41 73 64 59 78 77 71 38 25 53 64 35 21 6 40 40 15 36 74 42 48 78 55 9 40 51 39 37 0 6 20 44 77 46 38 27 61 64 7 61 6 64 9 50 66 76 32 57 12 79
15 40 75 45 13 61 28 38 40 38 68 21 34 27 23 11 34 19 9 28 69 61 79 45 10 75 34 12 38 37 7 50 74 10 35 49 18 14 69 61 19 70 14 35 31 46 78 52 58 14 59 41 23 8 46 51 47 57 52 65 42 8 25 52 10 42 24 80 8 18 32 45 70 70 79 49 32 53 79 9 24 53 15 14 33 77 69 78 75 58 73 20 72 11 65 72 71 61 45 0 39 29 78 42 36 47 36 51 34 63 45 19 35 61 57 51 15 50 76 69
14 51 66 34 62 58 34 77 21 73 36 57 79 22 38 41 48 45 20 15 57 58 69 23 78 68 30 28 63 6 26 20 58 38 75 65 17 21 9 60 8 26 14 21 70 72 54 59 50 21 56 76 35 42 20 48 48 80 18 10 14 50 62 57 62 60 42 66 22 28 80 70 15 24 5 80 80 52 63 53 46 61 27 70 80 40 17 34 43 68 48 11 77 71 72 79 70 59 41 46 0 54 45 27 23 10 31 60 71 40 78 45 17 49 41 26 20 41 40 67
61 33 26 41 38 18 34 40 23 17 31 75 70 26 8 10 74 73 29 5 67 8 52 31 41 78 59 61 71 21 63 42 19 20 61 60 68 38 16 22 40 19 50 15 33 14 46 25 69 47 40 63 70 14 45 9 60 17 71 45 29 76 9 6 36 22 80 53 33 30 38 65 24 67 28 68 41 21 30 16 71 32 5 60 13 67 76 31 27 9 58 38 53 79 35 49 66 72 28 43 34 0 42 67 67 55 50 74 66 42 17 33 19 41 58 62 46 36 59 19
27 64 45 19 49 55 21 66 67 57 35 8 42 39 69 32 57 12 76 46 38 45 57 55 61 59 56 38 11 39 67 33 48 10 44 62 57 33 78 26 73 31 19 47 21 74 7 7 53 16 47 50 75 13 11 71 31 51 73 30 25 73 55 34 42 25 52 47 57 32 75 36 6 9 7 72 18 69 55 67 10 25 41 43 8 34 36 9 39 20 53 56 21 39 15 14 14 69 58 7 6 74 0 24 17 80 55 29 44 46 59 70 7 43 40 63 30 17 38 78
65 53 42 59 16 33 57 76 40 66 41 73 69 36 53 7 68 55 52 74 18 62 33 78 8 55 34 62 52 66 77 18 44 47 23 15 17 76 26 31 67 80 36 15 23 56 65 71 77 34 12 68 37 57 44 48 24 9 46 77 57 5 39 31 76 67 74 68 45 35 46 64 66 70 76 15 18 59 14 53 21 6 25 71 20 26 30 61 19 9 59 68 26 72 67 22 75 58 56 6 42 20 60 0 42 39 71 46 52 77 26 23 42 71 31 52 71 37 65 64
31 47 22 26 72 65 6 45 58 27 24 65 13 5 44 29 30 17 73 63 47 17 12 64 25 13 49 76 33 49 6 29 40 41 59 79 44 52 56 37 76 74 30 14 80 24 18 32 40 27 38 77 18 21 71 80 54 47 78 80 40 65 31 26 5 34 32 16 23 23 26 65 5 46 14 11 22 70 61 59 65 46 43 69 20 35 76 55 53 54 65 50 44 71 45 72 15 32 26 40 23 60 76 61 0 67 37 20 76 60 49 27 8 51 64 49 59 32 76 29
53 52 27 6 30 61 51 72 29 5 80 44 47 17 52 37 69 6 39 9 40 66 55 10 37 40 12 78 8 65 63 67 27 65 74 18 9 52 8 24 27 21 15 58 20 12 61 12 45 17 74 40 29 7 47 45 26 80 51 71 6 56 58 12 13 29 69 23 39 15 27 61 10 40 30 69 57 27 5 44 40 76 49 20 48 64 77 16 77 64 16 19 16 28 16 28 45 80 7 26 6 32 52 63 15 0 36 44 29 21 44 11 53 41 27 40 22 77 45 57
33 29 39 30 27 42 38 61 38 16 67 50 79 51 49 71 62 26 9 79 54 24 73 77 31 60 49 41 31 48 69 75 39 16 70 31 38 32 64 38 9 19 71 28 65 22 64 80 46 52 77 53 80 9 46 18 50 6 25 58 65 47 48 17 28 50 44 25 64 74 28 7 61 63 80 78 60 56 65 36 37 52 48 66 56 43 10 34 69 18 58 59 39 78 56 80 8 25 70 26 43 72 30 77 22 21 0 47 11 16 44 23 49 63 55 26 63 5 23 30
27 43 44 15 28 35 31 60 16 36 24 76 52 5 66 25 49 17 65 75 55 32 65 53 64 36 17 54 21 45 22 56 46 41 59 55 73 14 49 67 80 8 33 27 35 52 51 48 69 5 55 14 34 22 68 29 10 32 43 60 16 48 54 28 59 24 41 44 54 66 9 38 58 27 25 55 71 18 64 15 49 17 56 6 25 45 21 78 69 54 63 6 67 56 59 11 43 59 38 19 62 69 52 65 47 73 51 0 19 27 59 73 54 15 24 5 48 80 38 30
70 63 60 11 64 41 10 20 67 63 51 11 52 37 59 48 42 8 74 39 27 42 50 58 7 62 46 43 9 19 50 9 73 55 36 27 15 73 17 21 23 68 60 40 49 63 36 72 77 63 10 14 46 52 9 23 17 53 70 15 48 43 59 56 7 28 37 15 60 19 29 78 38 43 70 74 36 11 52 78 65 32 60 40 28 40 69 10 56 28 41 39 5 57 31 7 58 21 40 39 64 45 17 33 33 7 46 33 0 13 41 63 80 58 47 74 54 65 76 6
48 48 45 49 61 24 64 68 31 73 26 54 37 56 9 78 15 67 76 49 15 31 72 52 43 42 45 62 64 8 24 79 26 50 77 60 58 7 41 76 67 35 53 73 21 53 20 17 55 32 32 19 78 42 27 25 56 75 57 50 32 58 40 45 51 18 45 69 73 73 55 33 56 68 64 41 62 25 27 56 41 5 73 47 64 27 17 54 79 58 58 57 29 8 33 22 69 15 78 57 7 46 36 26 77 65 16 52 7 0 54 75 70 29 25 63 52 35 27 65
30 46 21 42 13 8 31 78 64 63 36 61 35 27 64 69 19 47 25 36 64 13 5 9 57 71 65 54 14 58 38 73 20 73 8 61 66 12 42 55 10 51 56 70 61 59 20 18 23 38 79 19 26 51 57 48 23 36 66 31 38 17 47 14 63 67 36 38 48 42 61 47 62 38 77 40 9 22 23 71 41 8 33 52 77 51 42 44 25 77 44 65 61 42 24 21 23 42 54 37 34 8 32 79 43 23 79 6 38 51 0 70 71 56 66 26 49 24 80 69
45 71 52 53 67 26 72 66 27 66 53 6 13 48 33 44 31 33 24 40 20 30 50 68 63 77 6 72 34 30 51 9 56 17 47 69 13 39 75 73 73 15 12 62 77 71 36 36 37 28 36 34 63 27 10 39 75 40 16 29 13 21 71 43 12 31 34 36 79 79 66 64 17 73 11 45 14 30 66 19 61 15 65 30 17 74 80 32 67 43 77 6 79 60 19 61 29 80 63 5 37 57 39 68 27 47 69 66 70 41 43 0 38 73 36 48 40 76 69 44
61 19 28 67 5 45 70 65 68 25 27 13 60 43 17 61 48 73 28 29 18 34 32 44 69 44 45 72 65 18 43 31 78 24 46 25 29 55 26 25 25 46 71 65 58 39 34 38 65 43 52 23 44 47 50 45 62 44 59 77 55 58 5 56 12 57 50 22 63 40 7 30 31 37 42 52 8 46 59 53 46 76 76 30 32 69 61 40 18 14 36 25 46 66 80 65 10 54 67 36 40 80 53 12 17 12 48 40 73 52 61 41 0 19 65 22 14 46 57 24
24 80 43 78 30 76 16 61 36 46 78 74 38 76 72 42 7 22 13 45 51 62 32 28 46 64 34 63 51 47 30 38 37 7 22 20 57 59 55 67 11 72 12 70 52 7 77 60 9 69 46 73 67 41 78 47 13 14 77 16 76 19 73 25 70 16 78 64 29 14 60 40 64 62 24 47 14 28 78 48 63 72 60 7 56 78 42 5 54 7 6 33 46 59 24 38 33 79 46 73 63 30 78 50 78 24 29 23 31 44 28 17 8 0 73 10 21 74 49 13
46 45 34 31 30 43 25 59 39 34 32 50 8 22 61 20 53 8 61 31 53 11 62 61 56 30 31 53 80 20 16 27 69 79 71 20 25 31 20 67 50 45 58 29 31 16 69 51 66 37 70 19 63 7 5 53 58 56 17 50 51 44 13 60 43 34 15 54 65 7 40 46 10 23 36 27 77 6 21 71 24 22 65 9 12 31 42 52 58 25 58 27 27 71 24 28 51 19 25 8 68 31 44 56 52 38 46 8 8 47 8 65 9 23 0 57 10 74 53 72
26 25 17 6 49 33 16 58 13 19 65 64 58 73 61 22 5 44 65 65 37 21 46 74 51 17 66 68 78 30 21 33 70 21 23 33 15 17 56 41 18 36 33 37 28 43 47 64 80 71 71 78 39 21 46 59 52 23 79 9 54 11 30 28 6 23 9 35 25 55 46 6 78 66 66 49 29 78 56 62 32 63 38 74 61 20 40 70 48 48 28 37 48 67 75 63 17 48 71 38 13 51 59 8 74 21 17 34 63 19 20 75 42 21 49 0 44 62 60 75
15 69 28 55 70 29 23 33 7 30 50 72 24 77 72 72 11 73 51 74 34 72 26 52 25 17 26 33 24 74 59 30 40 11 56 42 54 71 58 65 64 46 22 43 5 14 37 76 44 31 13 12 57 22 23 66 25 36 55 25 58 55 80 29 36 49 14 33 40 22 56 20 79 24 31 61 23 40 46 6 20 71 44 72 18 65 34 61 43 20 74 63 24 14 48 39 10 53 37 19 64 59 79 26 67 42 33 71 18 16 51 35 68 60 58 12 0 18 40 40
37 70 47 58 37 50 15 6 17 67 36 79 68 33 80 60 39 18 67 76 77 53 71 53 10 18 80 17 78 17 20 35 51 79 58 55 10 49 61 63 78 71 9 56 60 8 32 77 28 8 47 17 42 57 8 63 37 50 49 50 36 40 62 11 46 63 38 25 31 76 75 46 56 49 27 68 16 47 50 73 34 45 44 17 16 56 45 68 28 53 30 38 67 49 48 61 51 25 26 46 7 19 29 79 44 69 76 42 76 73 27 55 14 30 16 16 56 0 38 23
48 73 50 55 22 54 18 42 77 15 46 33 61 10 36 75 24 40 8 68 33 33 36 33 61 32 23 6 42 36 7 66 61 58 76 75 77 29 57 28 71 79 56 78 54 38 51 38 60 52 51 35 45 74 50 14 22 46 36 73 79 21 17 69 65 73 45 18 34 49 75 33 64 39 78 11 63 61 68 80 60 13 26 7 76 62 76 12 49 66 23 13 50 13 40 77 37 8 67 60 22 55 32 62 44 73 43 47 34 77 70 57 23 74 80 45 5 11 0 50
80 20 14 13 72 57 25 29 36 27 28 8 68 20 47 16 17 56 78 54 57 53 65 22 48 28 17 44 50 27 60 37 68 16 28 38 56 30 34 49 15 48 62 17 72 37 7 12 76 12 52 17 26 5 72 6 5 46 54 44 8 77 77 52 13 27 29 68 28 73 32 49 17 24 52 78 27 61 27 69 24 61 8 9 73 20 44 42 18 49 28 80 71 26 17 68 29 24 48 63 75 54 62 19 75 13 48 36 51 23 35 67 29 56 10 50 12 66 80 0
