20
4
5 30 12 45 22 60 18 50 10 55 35 40 25 70 65 80 15 75 20 90
20 25 15 30 10 25 20 15 20 30 25 20 15 35 20 25 15 30 20 40
50 80 60 100 55 90 65 85 70 95 75 80 60 110 100 90 70 105 80 120
0 12 15 10 18 14 20 9 16 11 13 17 10 12 15 8 19 10 16 14
11 0 13 15 9 12 10 16 8 14 17 10 12 15 11 13 9 14 10 16
14 16 0 12 11 15 13 10 18 9 12 14 8 11 17 13 10 15 12 9
10 13 11 0 15 10 12 14 9 17 10 11 15 12 13 16 8 14 10 12
12 10 14 16 0 15 11 9 13 10 16 12 15 11 14 10 13 15 9 14
15 12 10 14 13 0 16 11 10 12 14 9 13 15 10 14 12 11 15 10
10 14 12 15 11 13 0 16 9 12 15 10 14 13 11 12 15 14 10 12
13 9 16 11 14 10 12 0 15 10 12 16 9 15 11 13 10 12 14 9
16 11 10 13 12 9 14 15 0 12 10 14 11 10 16 12 15 11 13 10
9 14 13 10 15 12 11 13 12 0 14 10 15 12 10 14 11 13 9 15
13 15 12 11 10 14 15 12 10 14 0 13 12 15 10 11 14 12 13 10
17 10 14 11 16 9 10 16 14 10 13 0 15 12 11 14 10 13 9 15
10 12 8 15 15 13 14 9 11 15 12 15 0 10 14 13 11 12 15 10
12 15 11 12 11 15 13 15 10 12 15 12 10 0 14 11 13 10 12 15
15 11 17 13 14 10 11 11 16 10 10 11 14 14 0 12 15 13 10 12
8 13 13 16 10 14 12 13 12 14 11 14 13 11 12 0 10 15 13 11
19 9 10 8 13 12 15 10 11 11 14 10 11 13 15 10 0 12 14 10
10 14 15 14 15 11 14 12 11 13 12 13 12 10 13 15 12 0 10 14
16 10 12 10 9 15 10 14 13 9 13 9 15 12 10 13 14 10 0 12
14 16 9 12 14 10 12 9 10 15 10 15 10 15 12 11 10 14 12 0
